# R script for Peak Model
#  -- generated by MACS
p <- c(0.0336561344274,0.0343749534693,0.0353761657063,0.0359152799877,0.0367624595728,0.0380974092221,0.0391499656764,0.0400484894788,0.0408443248466,0.041819864975,0.0426927166687,0.0435912404712,0.0445924527081,0.0455166486192,0.0465692050734,0.0475704173104,0.0486486458733,0.0497525465448,0.0507024145645,0.0517036268015,0.0526021506039,0.0536290349495,0.0545532308605,0.0552977220111,0.0562475900308,0.0571204417246,0.0580959818529,0.0592255546331,0.0599700457836,0.0609712580206,0.061869781823,0.0627683056254,0.0638208620797,0.0648220743166,0.0659003028795,0.0666447940301,0.0677743668103,0.0677486947016,0.0674919736152,0.067440629398,0.0674149572893,0.0675433178325,0.0675433178325,0.067723022593,0.0679797436794,0.0682107926572,0.068364825309,0.0683134810917,0.0679540715708,0.0679027273535,0.0683134810917,0.068647218504,0.0684931858522,0.0685702021781,0.0683391532004,0.0686728906127,0.06872423483,0.0688269232645,0.0684418416349,0.0687755790472,0.0688269232645,0.0683391532004,0.06872423483,0.0688012511559,0.0683134810917,0.0682878089831,0.0687755790472,0.0690836443509,0.0691349885682,0.0692633491114,0.0692890212201,0.0691863327855,0.0692633491114,0.0691606606769,0.0693917096546,0.0694687259805,0.069366037546,0.0696741028497,0.0697511191756,0.0691863327855,0.0691349885682,0.0694943980892,0.0696997749583,0.0696997749583,0.0696741028497,0.0697767912842,0.0699308239361,0.0699308239361,0.0698538076101,0.0699821681533,0.0699308239361,0.0695970865237,0.0695970865237,0.069648430741,0.0694943980892,0.0693146933287,0.0691606606769,0.0692376770028,0.0693146933287,0.0692120048941,0.0694430538719,0.0691349885682,0.0690836443509,0.0688782674818,0.0688269232645,0.069006628025,0.0688525953732,0.0689809559164,0.0689296116991,0.0692120048941,0.0692890212201,0.0694173817633,0.0699308239361,0.0699564960447,0.0699821681533,0.0699564960447,0.0701875450225,0.0705212824348,0.0705726266521,0.0703672497829,0.0703672497829,0.0709577082817,0.0709063640644,0.0705469545434,0.0706239708693,0.0704442661089,0.0706239708693,0.0706239708693,0.0705726266521,0.0705212824348,0.0705982987607,0.0705982987607,0.0709063640644,0.070649642978,0.0702645613484,0.0703929218916,0.0704442661089,0.0707780035212,0.0709063640644,0.0710347246076,0.0710347246076,0.0712401014767,0.071291445694,0.0710090524989,0.0711117409335,0.0710347246076,0.0710090524989,0.0710347246076,0.0709833803903,0.0712401014767,0.0713684620199,0.0717021994322,0.0719589205186,0.0718562320841,0.0718048878668,0.0714454783458,0.0714198062372,0.0714454783458,0.071650855215,0.0716251831063,0.0713684620199,0.071650855215,0.0714198062372,0.0711374130422,0.0713171178026,0.0718048878668,0.0717278715409,0.0716765273236,0.0718562320841,0.0719075763014,0.0721642973878,0.0722669858223,0.0724210184742,0.0727034116692,0.0724466905828,0.0722669858223,0.0726263953433,0.0728831164297,0.0730114769729,0.0726520674519,0.0727804279951,0.0726007232346,0.0723953463655,0.0723440021482,0.0722413137137,0.0725237069087,0.0725493790174,0.0727547558865,0.0731141654074,0.0730628211902,0.0730114769729,0.0728317722124,0.072575051126,0.0732425259507,0.0732425259507,0.0727290837778,0.0732681980593,0.0738073123407,0.0735249191457,0.0736532796889,0.0736532796889,0.0739613449926,0.0738073123407,0.0736276075803,0.073576263363,0.0739100007753,0.0738843286667,0.0740897055358,0.0747315082518,0.0751679340987,0.0750395735555,0.0747571803604,0.0749368851209,0.0748855409036,0.0748341966863,0.0744234429481,0.0744747871654,0.0751936062073,0.0751679340987,0.0752706225332,0.0756300320542,0.0758354089233,0.075861081032,0.0758867531406,0.0759637694665,0.0758097368147,0.075501671511,0.0762204905529,0.076425867422,0.0764772116393,0.0767082606171,0.0765799000739,0.0763488510961,0.0762975068788,0.0763231789875,0.0764515395307,0.0767596048344,0.077144686464,0.0769393095948,0.077067670138,0.0772987191158,0.0772730470072,0.0775297680936,0.0780945544837,0.0782999313528,0.0786336687651,0.0785566524392,0.0783769476787,0.0786079966565,0.079070094612,0.0791984551552,0.0792241272638,0.079429504133,0.0800199626317,0.0801996673922,0.080713109565,0.0810981911946,0.0816116333674,0.0816629775847,0.0818940265624,0.0820480592143,0.082279108192,0.082279108192,0.0823561245179,0.0826898619303,0.0828695666907,0.0835883857327,0.0834856972981,0.0838194347104,0.0841018279055,0.0845125816437,0.084281532666,0.0847436306215,0.0847179585128,0.0853084170116,0.0855908102066,0.0859758918362,0.0863609734658,0.0866947108781,0.0870541203991,0.087490546246,0.0874648741374,0.087772939441,0.0875675625719,0.0879269720929,0.0885174305916,0.089133561199,0.0894416265027,0.0898780523495,0.090417166631,0.0908279203692,0.0907509040433,0.0909562809124,0.0915724115198,0.0916494278457,0.0918804768235,0.0923682468876,0.0928560169518,0.0930357217123,0.0936775244283,0.0943193271443,0.0940626060579,0.0942423108184,0.0948070972085,0.0948584414257,0.0952948672726,0.0956542767936,0.0963987679442,0.0973743080725,0.0973229638552,0.0975026686157,0.0975283407243,0.0978620781367,0.0982214876576,0.0988119461563,0.0990429951341,0.0986579135045,0.098478208744,0.0987606019391,0.0986065692872,0.0985552250699,0.0992483720032,0.0994280767637,0.100044207371,0.100377944783,0.100583321653,0.100865714848,0.101225124369,0.101610205998,0.101789910759,0.102072303954,0.102226336606,0.102508729801,0.102816795104,0.102970827756,0.103663974689,0.103920695776,0.104613842709,0.1045881706,0.104690859035,0.104485482166,0.105024596447,0.105332661751,0.105794759706,0.105769087598,0.106462234531,0.106462234531,0.106795971943,0.106924332487,0.107027020921,0.107283742008,0.107540463094,0.108053905267,0.108156593701,0.1087470522,0.108824068526,0.108516003222,0.108952429069,0.108978101178,0.108978101178,0.109234822264,0.109260494373,0.109902297089,0.109953641306,0.109850952872,0.110390067153,0.110467083479,0.110800820891,0.111288590956,0.111442623607,0.112007409997,0.112110098432,0.112623540605,0.112623540605,0.113162654886,0.113573408624,0.114086850797,0.114189539232,0.114317899775,0.114574620861,0.115498816773,0.115601505207,0.115293439903,0.116140619489,0.116654061661,0.117706618116,0.118014683419,0.118091699745,0.118168716071,0.118528125592,0.119272616743,0.119734714698,0.119965763676,0.120299501088,0.120941303804,0.121121008565,0.12158310652,0.12140340176,0.121891171824,0.122430286105,0.1227126793,0.122764023518,0.122687007192,0.123046416713,0.123354482016,0.123816579972,0.124175989493,0.123867924189,0.12422733371,0.124073301058,0.124484054797,0.124407038471,0.124689431666,0.125228545947,0.125716316011,0.125408250708,0.125459594925,0.125536611251,0.125947364989,0.126383790836,0.127051265661,0.127410675182,0.127795756811,0.128257854767,0.128411887419,0.128463231636,0.12838621531,0.128796969048,0.128488903744,0.128822641157,0.129028018026,0.129284739112,0.129592804416,0.130131918697,0.13008057448,0.130748049305,0.130671032979,0.1310304425,0.131107458826,0.130619688762,0.1310304425,0.131312835695,0.131184475152,0.131441196238,0.131184475152,0.13159522889,0.131338507804,0.131261491478,0.130748049305,0.131389852021,0.131158803043,0.131364179912,0.131800605759,0.132031654737,0.131723589433,0.131877622085,0.13216001528,0.131851949976,0.132108671063,0.131826277868,0.13198031052,0.132031654737,0.131749261542,0.132082998954,0.132211359497,0.13216001528,0.132134343171,0.132647785344,0.132596441127,0.132673457453,0.132416736366,0.132673457453,0.132878834322,0.132776145887,0.132930178539,0.132981522757,0.133392276495,0.133417948603,0.133340932277,0.132930178539,0.132853162213,0.133135555408,0.133212571734,0.133186899626,0.132955850648,0.133032866974,0.133340932277,0.133135555408,0.132904506431,0.1331098833,0.132878834322,0.132904506431,0.132519424801,0.132365392149,0.132108671063,0.131851949976,0.131697917325,0.131543884673,0.131620900999,0.131749261542,0.131646573107,0.131235819369,0.131081786717,0.131235819369,0.131466868347,0.131646573107,0.13177493365,0.131646573107,0.131826277868,0.131441196238,0.131056114609,