# R script for Peak Model
#  -- generated by MACS
p <- c(0.0327628442672,0.0333137239496,0.0342415213093,0.0349953566642,0.0359231540239,0.0365610147088,0.0372858563961,0.0380976790859,0.0391704447832,0.0401562294779,0.0412869825101,0.0421857862024,0.0430555962272,0.0437804379146,0.0445052796019,0.0456070389666,0.046273893319,0.0470277286738,0.0478685450311,0.0487673487234,0.0496661524157,0.0505359624404,0.0516667154727,0.05239155716,0.0531163988473,0.0539862088721,0.0550299809019,0.0559577782616,0.0566536262815,0.0572914869663,0.0581323033236,0.0589441260134,0.0597849423707,0.0605967650605,0.0616405370903,0.0624523597801,0.0633221698049,0.0634091508074,0.0634381444749,0.0637570748173,0.0637570748173,0.0638440558198,0.0640470114922,0.0639600304897,0.0640470114922,0.0640180178247,0.0640470114922,0.0641339924947,0.0643369481672,0.0642499671647,0.0639310368222,0.0637860684848,0.0638440558198,0.0642789608322,0.0644529228371,0.0646268848421,0.0646558785096,0.0647718531795,0.0648298405145,0.0644819165046,0.0645399038396,0.0645688975071,0.0646268848421,0.064974808852,0.0652067581919,0.0652067581919,0.0653227328619,0.0654387075319,0.0655546822019,0.0656126695368,0.0660765682167,0.0663085175567,0.0667724162366,0.0666274478991,0.0668014099041,0.067149333914,0.0671783275815,0.0675842389264,0.0674972579239,0.0679321629363,0.0680191439388,0.0680191439388,0.0678741756013,0.0679321629363,0.0679321629363,0.0680771312738,0.0683380742812,0.0683960616162,0.0688019729611,0.0687439856261,0.068975934966,0.0691209033035,0.0694108399784,0.0694398336459,0.0697877576559,0.0696717829859,0.069265871641,0.0694978209809,0.0700197069958,0.0700776943308,0.0699617196608,0.0697007766534,0.0700776943308,0.0704836056757,0.0706285740131,0.0710634790255,0.0709475043556,0.071324422033,0.0711794536955,0.0715563713729,0.0717593270454,0.0717883207129,0.0716433523754,0.0716723460429,0.0717013397104,0.0714983840379,0.0715563713729,0.0714983840379,0.071382409368,0.0718463080479,0.0717883207129,0.0716143587079,0.071440396703,0.0714114030355,0.071324422033,0.0716433523754,0.0715563713729,0.0717013397104,0.0718463080479,0.0716433523754,0.0714693903704,0.0715853650404,0.0715853650404,0.0717303333779,0.0715273777054,0.0717883207129,0.0722232257253,0.0722812130603,0.0718753017154,0.0721362447228,0.0721362447228,0.0717883207129,0.0718753017154,0.0716723460429,0.071382409368,0.0712954283655,0.0711794536955,0.071150460028,0.0711214663605,0.0715853650404,0.0716723460429,0.0715853650404,0.0716433523754,0.0713534157005,0.0715853650404,0.0718463080479,0.0720492637203,0.0718173143804,0.0716143587079,0.0714693903704,0.071092472693,0.0711794536955,0.0710634790255,0.071266434698,0.0713534157005,0.0715853650404,0.0716723460429,0.0719332890503,0.0716723460429,0.0720202700528,0.0722232257253,0.0720202700528,0.071266434698,0.071324422033,0.071382409368,0.0715853650404,0.0716723460429,0.0717883207129,0.0716143587079,0.0714114030355,0.0720492637203,0.0716433523754,0.0718753017154,0.0716143587079,0.0716723460429,0.0715853650404,0.0720202700528,0.0720492637203,0.0719912763853,0.0723681940627,0.0724551750652,0.0723681940627,0.0729190737451,0.0726581307377,0.07320901042,0.07355693443,0.0738468711049,0.0737019027674,0.0737888837699,0.0737019027674,0.0737598901024,0.0732380040875,0.0730640420826,0.0732380040875,0.0733539787575,0.0734699534275,0.0737598901024,0.0736439154324,0.0737019027674,0.0736729090999,0.0737888837699,0.0737598901024,0.0739048584399,0.0736149217649,0.07355693443,0.0739338521074,0.0738468711049,0.0740208331098,0.0741658014473,0.0743977507873,0.0745427191247,0.0745427191247,0.0745717127922,0.0742527824498,0.0745137254572,0.0745137254572,0.0746586937947,0.0748036621322,0.0749486304696,0.0748906431346,0.0745427191247,0.0751225924746,0.0752385671445,0.0754125291495,0.075557497487,0.0758764278294,0.0760793835018,0.0759054214969,0.0760213961669,0.0760793835018,0.0761373708368,0.0760503898344,0.0761953581718,0.0762533455068,0.0764273075118,0.0765142885142,0.0770071808616,0.0771521491991,0.077732022549,0.0779059845539,0.0781669275614,0.0782539085638,0.0786598199087,0.0787468009112,0.0785438452388,0.0792106995911,0.0792976805936,0.0795296299335,0.079732585606,0.0802544716209,0.0804574272933,0.0804574272933,0.0807763576357,0.0808633386382,0.0808923323057,0.0810083069757,0.0810083069757,0.0811532753131,0.0810952879782,0.0810373006432,0.0814142183206,0.0817621423305,0.0819940916704,0.0822260410104,0.0830088700327,0.0835307560476,0.083791699055,0.083791699055,0.084023648395,0.0840816357299,0.0841396230649,0.0842555977349,0.0846325154123,0.0848644647523,0.0849224520872,0.0851833950947,0.0861401861219,0.0869810024792,0.0872999328217,0.0873869138242,0.0876188631641,0.0875028884941,0.0881117555115,0.0882277301815,0.088082761844,0.0885176668564,0.0888945845338,0.0893294895462,0.0895324452186,0.0898223818936,0.090257286906,0.0906631982509,0.0912430716007,0.0914750209407,0.092199862628,0.092315837298,0.0926347676404,0.0927507423104,0.0932726283252,0.0933886029952,0.0932146409903,0.0935625650002,0.0941134446825,0.0942294193525,0.09425841302,0.0948382863699,0.0950992293773,0.0952441977148,0.0955341343897,0.0959110520671,0.0963459570795,0.0968098557594,0.0969838177644,0.0976216784492,0.0977956404542,0.0981145707966,0.0982885328016,0.0985784694765,0.0991293491589,0.0993323048313,0.0996222415062,0.0998831845137,0.0998251971787,0.100173121189,0.100231108524,0.100637019868,0.100868969208,0.101100918548,0.101332867888,0.101912741238,0.101854753903,0.102202677913,0.102173684246,0.102724563928,0.1029275196,0.103246449943,0.10362336762,0.104000285298,0.103710348623,0.104145253635,0.104522171313,0.104609152315,0.104812107987,0.104928082657,0.10489908899,0.105797892682,0.106232797695,0.106377766032,0.106580721705,0.106667702707,0.106551728037,0.1064067597,0.107015626717,0.107334557059,0.107885436742,0.108494303759,0.108465310092,0.108755246767,0.109074177109,0.109161158111,0.109451094786,0.109480088454,0.109509082121,0.109654050459,0.110001974469,0.110204930141,0.109943987134,0.110175936474,0.110494866816,0.110610841486,0.110639835154,0.111045746499,0.110958765496,0.111016752831,0.111567632513,0.111857569188,0.111712600851,0.112437442538,0.112553417208,0.112553417208,0.112495429873,0.112930334886,0.1134522209,0.113887125913,0.114206056255,0.11403209425,0.113626182905,0.113655176573,0.11391611958,0.113626182905,0.113974106915,0.11438001826,0.114206056255,0.114061087918,0.1146119676,0.114466999263,0.115017878945,0.114553980265,0.114988885278,0.115162847283,0.1157717143,0.11600366364,0.11623561298,0.115974669972,0.116206619312,0.116264606647,0.116960454667,0.116989448335,0.117337372345,0.117221397675,0.117598315352,0.117801271024,0.118497119044,0.118526112712,0.118845043054,0.119279948067,0.119830827749,0.120091770756,0.120671644106,0.120874599779,0.121106549119,0.121048561784,0.121541454131,0.122150321148,0.122266295818,0.122266295818,0.122469251491,0.122788181833,0.122730194498,0.122875162836,0.123020131173,0.123107112176,0.123281074181,0.123252080513,0.123513023521,0.123657991858,0.123802960195,0.124295852543,0.124121890538,0.124295852543,0.124237865208,0.12420887154,0.124005915868,0.124469814548,0.125107675233,0.125745535918,0.126586352275,0.127079244622,0.127253206627,0.127166225625,0.127282200295,0.12699226362,0.127369181297,0.127166225625,0.127717105307,0.127427168632,0.127514149635,0.127543143302,0.127311193962,0.12757213697,0.128557921664,0.128876852007,0.128412953327,0.128818864672,0.128586915332,0.128731883669,0.128818864672,0.129340750687,0.129456725357,0.130181567044,0.130326535381,0.130674459391,0.130471503719,0.130326535381,0.129920624037,0.130152573376,0.130181567044,0.131109364404,0.131341313744,0.131718231421,0.131805212424,0.132008168096,0.132153136433,0.132935965456,0.132906971788,0.132819990786,0.132472066776,0.133080933793,0.132790997118,0.132733009783,0.132762003451,0.133109927461,0.132559047778,0.132298104771,0.132240117436,0.132704016116,0.132211123768,0.132240117436,0.132414079441,0.132501060443,0.132153136433,